"feature1" "feature2" "feature3" "label"
"1" 0.312465611403887 0.419771830442985 0.406117695007723 1
"2" 0.433372782035213 -0.261902451962894 0.651903784110228 1
"3" 0.238937569700636 -0.399702060874057 0.279449726923727 1
"4" 0.353363640431253 -0.339334531296933 0.481283620766307 1
"5" 0.236804036789383 -0.447210076449249 0.278900589983468 1
"6" 0.489122301046256 0.030921054567856 0.837318178037542 1
"7" 0.412911862180327 -0.253129276457243 0.639687960222098 1
"8" 0.495560305501673 0.152214240111354 0.801045406323299 1
"9" 0.403265900442842 0.248212931374779 0.632056898968408 1
"10" 0.0956629919718382 0.479549611211117 0.0967046208006912 1
"11" 0.357568520877578 0.418855451636951 0.411015336521298 1
"12" 0.299090784539797 0.377968282801792 0.41299247735047 1
"13" 0.123502621215075 -0.484857023361563 0.161995753314158 1
"14" 0.472899046406534 -0.09675525855972 0.798277540922856 1
"15" 0.463397495559215 -0.173564365074329 0.726809573890847 1
"16" 0.358294582563696 0.386133068997386 0.511817180269833 1
"17" 0.0829622206242596 0.46969602086421 0.0746452070881732 1
"18" 0.492851079395092 -0.0173843719439738 0.855427469695765 1
"19" 0.158699257711749 0.500609699242061 0.124356705424288 1
"20" 0.444530131729346 -0.222033710416247 0.706807995210248 1
"21" 0.284926743534532 0.418257101363207 0.361009923474595 1
"22" 0.460924615514516 0.112545436732501 0.757043390443698 1
"23" 0.44366960761836 -0.265902091097144 0.6644464898434 1
"24" 0.426225096479697 -0.254694536212571 0.696430316102089 1
"25" 0.0217732371262556 0.478817273016849 0.0153583176397168 1
"26" 0.377299677480145 0.278174015905113 0.577530934527356 1
"27" -0.0033999041489556 -0.517585979489444 0.0174953844302684 1
"28" 0.454890793481542 0.246364505405996 0.678872792231948 1
"29" 0.212461824954368 -0.432137882757513 0.26078549803775 1
"30" 0.220453553863293 0.441873170216905 0.278044882279615 1
"31" 0.468907589261107 0.227730842631821 0.700895912871862 1
"32" 0.137848941313598 -0.489435859095603 0.171459371033769 1
"33" 0.403255182975282 -0.318772998038431 0.589344227595653 1
"34" 0.33494999327891 0.374073511748277 0.495706084112969 1
"35" 0.445994626598153 -0.286614163273627 0.612116845037873 1
"36" 0.346586036343571 0.358686316160273 0.491209916850124 1
"37" 0.13157152016591 0.485868200080876 0.132736869454781 1
"38" 0.11771281480479 0.453484789559027 0.144191802272356 1
"39" 0.490667803187764 0.0949548437171051 0.837899383175333 1
"40" 0.361350017049954 -0.332380876669579 0.524894743715418 1
"41" 0.193429702730909 0.452379047126258 0.233689679947686 1
"42" 0.380098819379255 0.332222031951372 0.541161788716911 1
"43" 0.303696301096297 -0.376791464613439 0.420881948057746 1
"44" 0.382427628376944 0.351486556755511 0.584921294923724 1
"45" 0.509681978907607 -0.118428290626282 0.822018775649384 1
"46" 0.409236065918815 -0.292735762583407 0.658947713373439 1
"47" 0.138859148162617 -0.458380465454232 0.149747602693384 1
"48" 0.292263175717019 0.385954812653099 0.439449890548505 1
"49" 0.222563637156281 0.451384673714333 0.238363437210453 1
"50" 0.185311031460306 -0.418194501635846 0.260393779644664 1
"51" 0.386608982994526 -0.278244790712987 0.622215869923356 1
"52" 0.359948085781542 0.351466225066888 0.470816987736551 1
"53" 0.449307011234325 -0.257765509531087 0.667819185598781 1
"54" 0.492064956746458 -0.143851892073859 0.792362774991431 1
"55" 0.498577074504088 0.0465339592689382 0.846804238628433 1
"56" 0.50178584265184 0.0539700343256936 0.819478940819025 1
"57" 0.322586244358824 0.379287200063327 0.455978371804066 1
"58" 0.0717646413975502 0.521548402030357 0.0641978540057722 1
"59" 0.149542072508801 -0.442142977025613 0.166633293691161 1
"60" 0.172323817011827 0.472293097808722 0.215658026349902 1
"61" 0.370161685337459 0.350886944277434 0.5164595315799 1
"62" 0.339199503736274 0.361842234758859 0.504265350842801 1
"63" 0.435035111469585 0.254737171159993 0.697071829670034 1
"64" 0.131574408090895 -0.452480752359339 0.160341944587816 1
"65" 0.0498748733096119 -0.514831593237871 0.0495805997190302 1
"66" 0.336014889376257 -0.341262131760275 0.443909804210962 1
"67" 0.509384915949431 0.111337728585874 0.885088625456493 1
"68" 0.163139654635841 0.476372263001362 0.182238070029261 1
"69" 0.179779718940371 -0.498601438315897 0.173112413773153 1
"70" 0.358134791335202 -0.337381078722492 0.519666588699365 1
"71" 0.356579913410275 -0.290694594081319 0.608885164289547 1
"72" 0.157358411099619 -0.463565707090821 0.167438901095635 1
"73" 0.501978878683238 0.0760130220380506 0.862204668209116 1
"74" 0.457113741037302 0.0306986361010332 0.804394284503873 1
"75" 0.370004103676501 0.344933236729846 0.499177024453966 1
"76" 0.272097742916332 0.450275706489535 0.358568331496904 1
"77" 0.0912679200557878 -0.481021040462682 0.114216951714919 1
"78" 0.0573030963752389 0.520845864087712 0.0754959433248555 1
"79" 0.0548734573115474 -0.449085090095495 0.0703402827505187 1
"80" 0.270357582860938 0.426206887356769 0.330233947704707 1
"81" 0.39518535717507 -0.313615222121148 0.54074448222295 1
"82" 0.532114498484513 -0.0105856125405796 0.873924895572562 1
"83" 0.437880693536001 -0.250859605307198 0.662032642612773 1
"84" 0.399096700686501 -0.32894341937579 0.536089335039643 1
"85" 0.17460864108774 0.451586117632811 0.257091350661434 1
"86" 0.439678467812395 0.21484019169974 0.732157233447919 1
"87" 0.456884334509405 -0.285414661125813 0.654913734422805 1
"88" 0.49349066136464 0.0198099460483419 0.848270217921207 1
"89" 0.174980858956964 0.496042636289639 0.232432260223369 1
"90" 0.484120866760527 0.273187656064292 0.728008366939453 1
"91" 0.0745129557026944 0.468626909225551 0.0668703940109214 1
"92" 0.431792542550372 0.180044359638202 0.693898906250703 1
"93" 0.0700347967193582 -0.522725889309359 0.0559289630568176 1
"94" 0.383129214661319 -0.322295904315917 0.566767641202394 1
"95" 0.0821312062485603 -0.493555868669749 0.0903926374497017 1
"96" 0.434524643814944 0.253265047161021 0.713643132390993 1
"97" 0.444654734796451 0.220930824791076 0.697495686322897 1
"98" 0.113606399509336 0.523163283061923 0.137829243653539 1
"99" 0.347417549780494 -0.39183823101017 0.460200054942858 1
"100" 0.446734586036629 -0.231395960758876 0.713877758865103 1
"101" 0.433502363242487 -0.222812087405713 0.679579721115109 1
"102" 0.459208692890574 0.116569553922056 0.798079593626205 1
"103" 0.339427685529716 0.36202001913388 0.460063067078165 1
"104" 0.255648785766067 0.436350572517311 0.343899890739777 1
"105" 0.461066421408139 0.182938257248286 0.748629188639506 1
"106" 0.495762196973682 0.0358341424073109 0.82353670172203 1
"107" -0.00987713223516432 0.502918403972547 -0.00602289084284131 1
"108" 0.491417170972401 -0.136118189721283 0.857849636870885 1
"109" 0.436697907776129 -0.203625760109978 0.698517669744386 1
"110" 0.283108006783344 -0.391379891311128 0.365126203240764 1
"111" 0.383566558732752 0.305292052092239 0.578448915965856 1
"112" 0.299391888366666 0.379928825847103 0.377224889600591 1
"113" 0.474416831591789 -0.197571345757155 0.742810950235738 1
"114" 0.0584600744548545 -0.502883161869658 0.0902486359613564 1
"115" 0.473704177062117 -0.0456565166856205 0.792687009110364 1
"116" 0.106780704026708 -0.493449475565846 0.116975990200641 1
"117" 0.514970300979304 -0.0804778824631084 0.866498843135073 1
"118" 0.379023948434812 0.325387573755233 0.573070957920058 1
"119" 0.463214191274476 0.190697830387098 0.72324228971151 1
"120" 0.280393494480947 -0.426569568033907 0.367333468186275 1
"121" 0.421921579337606 -0.292573168697144 0.662892278997999 1
"122" 0.452361518183635 -0.229413147932603 0.718176597058253 1
"123" 0.501948314785774 -0.166157628105089 0.802016928572827 1
"124" 0.0670378426312127 0.477310199925298 0.0901460817740592 1
"125" 0.553537401094337 -0.131670546467598 0.863614501339639 1
"126" 0.299668410662819 0.406331289865388 0.384919583060726 1
"127" 0.469897803100911 -0.0809926914794904 0.790466696370984 1
"128" 0.432509680934583 -0.258107533348544 0.631525964344023 1
"129" 0.115459176169352 0.518814560313862 0.0648586578818358 1
"130" 0.288913199036433 -0.431842218228802 0.347941805052734 1
"131" 0.409202659450212 0.273199914108927 0.645767213192448 1
"132" 0.30514963543677 0.360924698123029 0.430714467854873 1
"133" 0.206940647441046 0.454040606450498 0.229128572461726 1
"134" 0.508523177809399 0.143493612155664 0.790764887021463 1
"135" 0.407641026535796 0.256414401705381 0.637689209202784 1
"136" 0.463927968595159 0.0553782682013095 0.81364373475591 1
"137" 0.148606736541241 -0.486942113296426 0.163870346569172 1
"138" 0.217224833638488 0.492825852589727 0.246022237853868 1
"139" 0.155918741604267 0.501517466155021 0.169265729844578 1
"140" 0.289096719399363 -0.415724722698282 0.412883260675368 1
"141" 0.175898756347396 0.480766679084284 0.161833137619566 1
"142" 0.528923188701739 0.0418173030050494 0.889884694773402 1
"143" 0.331543752661062 -0.395903681797278 0.415757861524192 1
"144" 0.208633569984149 0.479726691344439 0.257755373424112 1
"145" 0.455648677611023 -0.282534820124538 0.668625780959514 1
"146" 0.115984140443386 0.498111609181514 0.111909433157485 1
"147" 0.0962888986323586 0.479426057863339 0.123100170861218 1
"148" 0.485275726891471 -0.195801522899268 0.781733445716437 1
"149" 0.0720840931694756 -0.504203236408278 0.055210734434829 1
"150" 0.451708353857552 0.191893059782359 0.722191682303014 1
"151" 0.475940935011766 0.163141598721775 0.775554453526951 1
"152" 0.226331295839682 -0.46645484070067 0.23190437592732 1
"153" 0.108674184129626 0.463441621342599 0.074661850913169 1
"154" 0.0949208546437953 -0.530255615712414 0.0992966432050212 1
"155" 0.468182026137977 0.164986081990374 0.804701941475646 1
"156" 0.470187266981354 -0.1046888958604 0.790485811578677 1
"157" 0.255281864296414 0.426947128657514 0.265493655005804 1
"158" 0.310977392812268 0.378369043948023 0.443446712760557 1
"159" 0.208052981922921 0.478225154562079 0.23977986610625 1
"160" 0.081071052947836 0.49536283265366 0.0961833022064223 1
"161" 0.217839489119633 -0.472535075284434 0.240246508728576 1
"162" 0.457234245030425 -0.144992168263316 0.736507500385199 1
"163" 0.0224286872350049 0.55241214876755 0.0238312137658616 1
"164" 0.412960182507836 -0.290465125522162 0.662227227695425 1
"165" 0.452816029249883 -0.0103352098003098 0.738212209570745 1
"166" 0.223563016606949 -0.427203395881759 0.250101084538371 1
"167" 0.312688327174337 0.434522702934447 0.415574153742398 1
"168" 0.256059115971603 0.43728670301931 0.33896615928894 1
"169" 0.267337082172409 -0.41109398610606 0.333372047958675 1
"170" 0.40126129050809 0.31523108835417 0.557172526243376 1
"171" 0.499951674589897 -0.103634456963036 0.822839548013283 1
"172" 0.401464255737276 -0.323553230491224 0.567049859743549 1
"173" 0.514490149108417 0.0958791210615704 0.818169059170674 1
"174" 0.431274116356672 0.161454031274837 0.678016500125735 1
"175" 0.524068988116868 0.0373088696820562 0.848806361141022 1
"176" 0.488539298995526 0.277349000877012 0.701151399321487 1
"177" 0.464523909884813 -0.0568110977863116 0.814431635249972 1
"178" 0.214227076105012 0.459049668344352 0.247235399499142 1
"179" 0.412611505524742 -0.29127093159861 0.577698509631455 1
"180" 0.540416582767097 -0.0223234700471309 0.903161035480333 1
"181" 0.391274418560044 -0.277177097233329 0.609242675831137 1
"182" 0.444352950390604 0.182303823936032 0.666612431902233 1
"183" 0.316101880816158 0.38262514520321 0.418802996526509 1
"184" 0.314861668488701 0.460110901370308 0.35304489244874 1
"185" 0.356127479559448 0.291879385215605 0.57307491236721 1
"186" 0.108101430084327 0.503985981794816 0.106107731317355 1
"187" -0.0169063233966322 -0.525567790235019 -0.0593640075256879 1
"188" 0.401787847034969 -0.186008312239697 0.68188772480844 1
"189" 0.131874205303795 0.508204642337593 0.115085772070329 1
"190" 0.560951057239675 -0.0173060050233238 0.882292280942259 1
"191" 0.345591974383754 -0.360669584000958 0.472990399614609 1
"192" 0.274228575673958 -0.43389961406628 0.313170093477541 1
"193" 0.291556360214459 -0.412579218643864 0.395470797110951 1
"194" 0.294544551600343 -0.401576431161427 0.413745450732033 1
"195" 0.436263069181937 -0.231140564043554 0.685992940379199 1
"196" 0.408292881990207 -0.284955672603166 0.600209321787683 1
"197" 0.102656164444549 0.48791527156703 0.102570846808655 1
"198" 0.41619446931505 -0.180690409783995 0.66425549008835 1
"199" 0.442219822877896 0.212917736147483 0.764580215640391 1
"200" 0.143729854184331 0.50907809710035 0.153171526921447 1
"201" 0.416032637182475 -0.26222477128879 0.664714044630666 1
"202" 0.505414189446452 0.0855613532839153 0.880416142849091 1
"203" 0.454914236715682 -0.275076158433999 0.672468087620841 1
"204" 0.195635665502828 -0.480185978402486 0.186395561920044 1
"205" 0.0379806793785825 0.512422824723582 0.0294769629893038 1
"206" 0.446488856237943 -0.172605007400061 0.704379186981568 1
"207" 0.105834474420958 -0.531533789696641 0.1253691200048 1
"208" 0.26664556889914 -0.43008216118458 0.347163353717742 1
"209" 0.491257074958171 -0.227569924379331 0.742542958371186 1
"210" 0.078380781606869 0.488773007118056 0.0900436093324796 1
"211" 0.412399793662864 -0.307389204921773 0.606802294679056 1
"212" 0.402334737767578 0.252711558760469 0.633982215013561 1
"213" 0.374642645129546 -0.327365942706886 0.595973209873272 1
"214" 0.165811705170333 -0.459780556318338 0.231334811609951 1
"215" 0.22752049063332 0.460165136727879 0.210277235224866 1
"216" 0.388903506147109 -0.360563491816514 0.53842151279321 1
"217" 0.254338190359063 -0.411709711654106 0.340160961800037 1
"218" 0.475476809406365 0.0216126970213723 0.793048466930479 1
"219" 0.385403241984152 -0.350168099162908 0.555703953234277 1
"220" 0.433303109710341 0.286263949020168 0.633272011949684 1
"221" 0.23166900253537 -0.446714578187798 0.326811226337676 1
"222" 0.491332369821976 -0.00630627610842351 0.851238902185061 1
"223" 0.2435332559686 -0.449436387497167 0.340669218357499 1
"224" 0.225739822234418 0.443474911464385 0.25205623240855 1
"225" 0.173971326670951 0.455203539390817 0.170383276287421 1
"226" -0.0304613368960393 0.513965372975937 -0.0628468964627531 1
"227" 0.236737170868537 0.487387864098401 0.242578534439233 1
"228" 0.0443846931216764 -0.468097196141195 0.0604421970270608 1
"229" 0.506655980229083 0.0721462396167561 0.854342879570805 1
"230" 0.45226328151652 0.197741442465509 0.693546249772288 1
"231" 0.360024190849526 0.322752889870867 0.495996348961289 1
"232" 0.500218381596874 0.21945388699777 0.750345578833872 1
"233" 0.184084779188711 0.464398461779101 0.205450464706432 1
"234" 0.29654639235639 0.316503598110439 0.457567999387065 1
"235" 0.064838859416044 0.46247783088289 0.0361926995628691 1
"236" 0.33292516304993 -0.393402357581523 0.447843335962752 1
"237" 0.0410462057337103 0.508345273935833 0.0494733060824241 1
"238" 0.435067232059154 -0.291249162255055 0.627750163732473 1
"239" -0.0109959827366573 0.489727308476494 -0.0147823333323112 1
"240" 0.510524145459928 0.11487889728597 0.815317002642164 1
"241" 0.460306467383846 -0.207687606541315 0.739346664007417 1
"242" 0.438184584203084 -0.0108201495125218 0.824602082106218 1
"243" 0.263781657266679 -0.423992300012547 0.331923483268367 1
"244" 0.274684331233171 -0.450181381246515 0.297564860273278 1
"245" 0.187017881512613 0.462907018982416 0.184928842251275 1
"246" 0.459477573040676 0.270722602717036 0.714119834097275 1
"247" 0.016587301316643 0.484136909759653 0.0514087669442028 1
"248" 0.328332100365878 -0.35065105875071 0.445649218983273 1
"249" 0.00699736027173744 0.545159262747048 0.00184100694237117 1
"250" 0.345794818630832 0.365809867003971 0.46634277608714 1
"251" 0.491769361686276 0.117226271896574 0.791442873857325 1
"252" 0.458317576222426 -0.177051715654601 0.783876763034106 1
"253" 0.176597163944721 0.534757466256024 0.146770388655912 1
"254" 0.503229851989033 -0.153007940265434 0.80702202993183 1
"255" 0.0649802290835638 -0.49580625556167 0.0791501257853295 1
"256" 0.0565170578509993 -0.511724768019773 0.0450243586005199 1
"257" 0.48990938371127 -0.181438925832181 0.800648717595081 1
"258" 0.0247193618515305 0.483282648672805 0.0319376507344085 1
"259" 0.246617361994234 -0.403649468725959 0.337234954967202 1
"260" 0.428740281695836 0.26392714874217 0.641925586016787 1
"261" 0.394336344510156 0.261217223705442 0.619465616808236 1
"262" 0.0416721050769022 -0.52717728744667 0.0241786720975114 1
"263" 0.494120632965001 -0.0760224753963265 0.845651027836841 1
"264" 0.439453017992138 -0.291696520951111 0.603990315965135 1
"265" 0.486067213461606 0.195843679839297 0.733948947731335 1
"266" 0.444082564956982 -0.201371363500484 0.733461777238246 1
"267" 0.244676150985483 0.451344017985045 0.267093859630676 1
"268" 0.411708051762453 -0.264422613615811 0.66561201000351 1
"269" 0.390224728381916 0.29630054760296 0.610400405524179 1
"270" 0.0851408037983245 -0.522696164196513 0.153753669775555 1
"271" 0.0171726143989468 -0.489878092853416 -0.0013589792654127 1
"272" 0.286535956959434 0.334273910113021 0.432684440904101 1
"273" 0.393620068495589 0.244083610897596 0.657312195767967 1
"274" 0.182829053240467 -0.437994587119002 0.197199045218365 1
"275" 0.347717581912504 0.368778643973113 0.453211795120835 1
"276" 0.102734456999516 -0.507367801789315 0.143913980582485 1
"277" 0.50168865547117 -0.0792531637173083 0.853972190267846 1
"278" 0.407175650128383 0.275900642498191 0.61184027097542 1
"279" 0.291723153314599 0.413326446441374 0.354378292076887 1
"280" 0.379211132824036 -0.341632532796479 0.523425564333327 1
"281" 0.116040641883637 -0.519975423250681 0.0829787723195219 1
"282" 0.327565493152056 0.428276906930663 0.386090939497882 1
"283" 0.389793264344013 -0.407608064882405 0.48983560937617 1
"284" 0.309478254033288 -0.368567642519203 0.421474468197772 1
"285" 0.429243938330322 -0.165057342957116 0.729338565754273 1
"286" 0.0172562940986357 -0.531015330053258 0.0216925661648627 1
"287" 0.269639090904024 -0.395299268758463 0.396207780386475 1
"288" 0.483148157148006 -0.185406840008918 0.769815546121666 1
"289" 0.467684144252751 0.143372672762518 0.769378058663952 1
"290" 0.327104419338203 0.354114318638172 0.437012133317939 1
"291" 0.25250377163195 -0.448394025764157 0.262841161382313 1
"292" 0.478006860000595 -0.148665690990562 0.826890565947744 1
"293" 0.0989158846379227 -0.51688225618892 0.102442338794992 1
"294" 0.328500725493986 0.312588338473174 0.543867518178979 1
"295" 0.381746932265205 0.191761075445933 0.644016099206394 1
"296" 0.0179670797696968 0.480370211379126 0.0608921899793684 1
"297" 0.230535846988819 0.368756690110835 0.335817698205017 1
"298" 0.212381890871599 0.444426431014412 0.279217207247081 1
"299" 0.426117437206065 0.279291167339311 0.633501661069938 1
"300" 0.286555593884187 -0.405797067856901 0.398121758531875 1
"301" 0.486008781702384 -0.144641862158665 0.761302032308076 1
"302" 0.45164400450665 -0.112909318195534 0.744931413471351 1
"303" 0.409187008525223 0.283673157067255 0.629841092486576 1
"304" 0.449533358334125 0.297393573320012 0.63969498026249 1
"305" 0.495393187808773 0.000230206516431046 0.81628515119564 1
"306" 0.231562963459749 0.435996360588783 0.307627186829487 1
"307" 0.262332556590406 -0.476818731363758 0.300890141265495 1
"308" 0.374140831818546 -0.314180999511153 0.535265858951767 1
"309" 0.44403703137623 0.151756616208817 0.766946656872451 1
"310" 0.424410085133769 -0.164006198541615 0.722665523506015 1
"311" 0.423764362513379 0.302048265874604 0.624062474169359 1
"312" 0.147859028308944 0.48829570926802 0.180519732490226 1
"313" 0.494891344206906 -0.0916970348998855 0.841714557436574 1
"314" 0.361857745359232 0.315087816851648 0.55481208690213 1
"315" 0.413032144979407 -0.303729503250184 0.617460516958378 1
"316" 0.319231083892191 0.346315408179863 0.435795782136739 1
"317" 0.405110824771028 -0.148410906040469 0.72453760921794 1
"318" -0.0118416783131014 -0.52804707675011 -0.0388202372221532 1
"319" 0.324891205664491 -0.379012478375393 0.467405972080156 1
"320" 0.0884888337361868 -0.456926943042064 0.093505041131181 1
"321" 0.448795126292309 -0.156061509343558 0.729504050202863 1
"322" 0.49279227258731 -0.0699707569291918 0.826573213246206 1
"323" 0.350009622742975 -0.437742642816952 0.422899860889932 1
"324" 0.539662608360677 0.152052454775677 0.841259776923957 1
"325" 0.480296008927121 -0.185028175690685 0.758866613492364 1
"326" 0.224768303973666 -0.462850861824835 0.23210403815915 1
"327" 0.530081941026543 0.0178684689312649 0.878710633659887 1
"328" 0.250773957937354 -0.443988486427258 0.311601036854656 1
"329" 0.435293624001837 0.283464983135117 0.663045467044837 1
"330" 0.37736394035478 0.317045433616431 0.557370581402394 1
"331" 0.356918681503527 -0.36146436022025 0.491615257062961 1
"332" 0.393672098655757 0.338847870384942 0.551800457506895 1
"333" 0.0963435954507236 0.502267624150442 0.104007506041159 1
"334" 0.340013830532629 -0.399855704553079 0.448782264621516 1
"335" 0.29677782048712 0.396191413354487 0.373384844045488 1
"336" 0.277118994991561 0.40486876853523 0.398966286964998 1
"337" 0.344397742154211 0.375495909074089 0.467790768668085 1
"338" 0.320095407517969 0.438690181332305 0.378710440506825 1
"339" 0.0723829896648987 0.511467365806619 0.0738001554561097 1
"340" 0.112054505911332 -0.501037613759254 0.129495382785219 1
"341" 0.127297822346555 0.540728934177367 0.118424826467128 1
"342" 0.109005498535457 0.496522099212044 0.0969389124188847 1
"343" 0.346751987664539 0.317642423676525 0.522776821339372 1
"344" 0.197289266315134 -0.419829939742279 0.208045748882299 1
"345" 0.393539720485181 -0.274634271134921 0.607895325280897 1
"346" 0.425895971531782 0.18986121543771 0.711157628572742 1
"347" 0.155701718546881 -0.462897087841024 0.184649962005956 1
"348" 0.424986930599035 0.253626409096611 0.647053062634794 1
"349" 0.473708109821104 0.177998205503718 0.760855605258532 1
"350" 0.382690079803932 -0.337356931979799 0.549214624591998 1
"351" 0.0629223105022272 -0.539110100469516 0.0686379142330241 1
"352" 0.352013133740171 -0.386953691116577 0.456773371193373 1
"353" 0.0302208488395265 -0.476199133095494 -0.000188099376945118 1
"354" 0.312983083335154 -0.363146362876634 0.430717721821079 1
"355" 0.388387114309096 0.26245233712254 0.589649773621401 1
"356" 0.41081313403565 -0.261591138788231 0.665993035026539 1
"357" 0.0759486645360833 -0.492226405123948 0.0785304693401447 1
"358" 0.342561110250357 0.338169121419564 0.479248496550398 1
"359" 0.238770680985545 -0.440085698266947 0.298765310664386 1
"360" 0.0903489816336951 0.532113177702882 0.160848026607122 1
"361" 0.384566334130233 -0.279920440427188 0.567366515721868 1
"362" 0.393156316127374 0.344862788702342 0.512949244408145 1
"363" 0.0597858595599002 0.489094418732741 0.0322954107987533 1
"364" 0.468974666114137 0.0862500210872048 0.848681051334946 1
"365" 0.455657619353912 -0.190729512153223 0.705394917982769 1
"366" 0.309043358220171 0.370618628401847 0.432280734272452 1
"367" 0.456072400191865 -0.25632375773342 0.652651284376323 1
"368" 0.137132337076349 0.497968199054616 0.15499529414927 1
"369" 0.317111823748788 0.39799103141749 0.399983669609893 1
"370" 0.290590799263402 -0.408526186465285 0.395545870996498 1
"371" 0.088709626602637 -0.479433794112767 0.102737058823318 1
"372" 0.469819242996763 -0.132621352037608 0.768638601496486 1
"373" 0.351158138712472 0.366850663671657 0.485984057498448 1
"374" 0.248329566581183 -0.462561838467529 0.297393126194303 1
"375" 0.371684244663883 0.345825443092001 0.525208105979181 1
"376" 0.514466200098072 -0.188762778898619 0.799900569170373 1
"377" 0.0780540782135071 -0.516014605561525 0.0865963037905709 1
"378" 0.491990876823163 -0.117864536241947 0.810174823823106 1
"379" 0.0120291188396092 -0.503700499549844 -0.000694082187580122 1
"380" 0.34689471753914 -0.370862871470154 0.468256845668828 1
"381" 0.480498684634992 -0.0741598173173219 0.789511735644381 1
"382" 0.306095068075023 0.394202268761961 0.401802660625044 1
"383" 0.3969586335334 0.342925508141109 0.504456073820229 1
"384" 0.266170769520694 -0.424090016732188 0.330377739679117 1
"385" 0.461116360493077 0.237391948726508 0.7303369913498 1
"386" 0.296347599314612 -0.424849906572211 0.369913164525127 1
"387" 0.207827266644074 0.456906078175158 0.280163660268521 1
"388" 0.0936166846035242 -0.516352136395621 0.111520577238149 1
"389" 0.0251055777802983 0.57045495127055 9.39376170537784e-05 1
"390" 0.358282229599314 -0.354855657856984 0.501788839406048 1
"391" 0.180555863303718 0.474248690023379 0.207181832838926 1
"392" 0.0976971826250247 -0.522481614206716 0.108549115424963 1
"393" 0.353532457641687 -0.342483521271222 0.494942520188156 1
"394" 0.500826818048689 -0.0211413374474813 0.812982973841216 1
"395" 0.0665736328340322 0.501051350607023 0.0552570263018384 1
"396" 0.495762090455082 0.033230949076179 0.857097375361723 1
"397" 0.418658270713311 0.345875079849542 0.583477035300006 1
"398" 0.464770075251298 0.180936156778303 0.776156548434825 1
"399" 0.501266795634125 0.0248061585127813 0.837050234448333 1
"400" 0.152586440401876 -0.48734693010542 0.17577951753616 1
"401" 0.40088270810188 -0.247314510659538 0.581492727394732 1
"402" 0.403331291435637 0.315934995177818 0.628802026241282 1
"403" 0.419432681777472 0.218471941731282 0.686827504022353 1
"404" 0.178007055289982 0.440594323089067 0.228632483969637 1
"405" 0.160327573888726 0.472366575193329 0.198868855740367 1
"406" 0.500476270742292 -0.112867003707721 0.831449918325153 1
"407" 0.474262377897365 -0.179553997110085 0.744084640160071 1
"408" 0.325977111665912 -0.362769453410683 0.407940711992561 1
"409" 0.145149837338846 0.523903094015516 0.153221826092412 1
"410" 0.469533339139657 0.215904756635949 0.742878164185191 1
"411" 0.482915409849871 -0.246222118826105 0.742132148325689 1
"412" 0.144214762901407 0.475262504406917 0.114687900654155 1
"413" 0.478330704147396 0.207206205677451 0.71508918419388 1
"414" 0.292152379295648 0.397102158612854 0.422575034067875 1
"415" 0.304679533757151 0.325398514714866 0.48221955663868 1
"416" 0.513874204190996 -0.0658343982612544 0.797382346486652 1
"417" 0.435237987602639 -0.262696128844562 0.676407562188987 1
"418" 0.524693704368764 0.0448181871175646 0.874172547372987 1
"419" 0.457131639384071 -0.108342178454443 0.791383174883304 1
"420" 0.202390433912179 0.468792698518949 0.200979280877568 1
"421" 0.008145508152266 -0.505943222660331 0.0164620569229013 1
"422" 0.0679614188436796 0.493796489229097 0.0212472881114765 1
"423" 0.288250575721195 -0.417353559910449 0.410107760075318 1
"424" 0.132374887355327 0.487549588053898 0.144332618097912 1
"425" 0.483388363583336 -0.0564879827903157 0.757891844201568 1
"426" 0.183581450826774 0.510603404731603 0.188878697302558 1
"427" 0.127573713650186 -0.501272444121508 0.0956517447509339 1
"428" 0.512311463862509 0.132887923327305 0.849835792963743 1
"429" 0.520127343063924 -0.0433244243348214 0.86863617806929 1
"430" 0.490437419428214 0.0848974714621467 0.851767804233815 1
"431" 0.0400804342815937 0.510983509903282 0.0746666541538862 1
"432" 0.180813248702917 0.505080152886976 0.156347930671272 1
"433" 0.534737919113018 0.0694561040384823 0.81262636333833 1
"434" 0.124747151911099 -0.423273653158973 0.113654430884521 1
"435" 0.446626193658983 -0.121119365788566 0.75823961459932 1
"436" 0.301937953578499 -0.445425663382669 0.361916743038808 1
"437" 0.236203182360243 0.473748132443687 0.256579198483726 1
"438" 0.1205800339874 0.513070235939464 0.091868892414614 1
"439" 0.328337496334095 0.414068223038608 0.393924123305319 1
"440" 0.50819253501491 -0.0667365343418474 0.853862212513807 1
"441" 0.207898895859136 0.432735015085191 0.254371780337428 1
"442" 0.506393755292223 0.0296352886733593 0.835607610613012 1
"443" 0.42400585349166 0.286369455545721 0.618883229023117 1
"444" 0.100225870809188 -0.542484106186728 0.0601316722991868 1
"445" 0.477798578515917 -0.157785112338484 0.773402986778574 1
"446" 0.52373558414764 0.0285938316779776 0.827602549533395 1
"447" 0.383946130875579 -0.327563221710615 0.527498091404513 1
"448" 0.32092378833694 -0.412739829965762 0.373651826777886 1
"449" 0.487430114885316 -0.00958211547390791 0.832730736566282 1
"450" 0.367925844473999 -0.348001633013966 0.441311288392382 1
"451" 0.481561573147598 0.229229825036707 0.745036932484098 1
"452" 0.386078350772474 0.36804310027888 0.549120128314236 1
"453" 0.174602943919526 -0.500130330562685 0.170722568336058 1
"454" 0.488260255544774 0.0374271239229304 0.835728829109839 1
"455" 0.270636351662168 0.411410296416308 0.319255079483898 1
"456" 0.490354672476615 -0.149753567473396 0.801264842863791 1
"457" 0.18403554892592 -0.474094690499864 0.267885203226452 1
"458" 0.393169695460924 0.357003100392418 0.53583266621162 1
"459" 0.503238699575739 0.106750562826225 0.814497942814194 1
"460" 0.0652945306587045 0.448251110040068 0.118184710549795 1
"461" 0.342684568311175 0.356944525510445 0.460734037631508 1
"462" 0.398987580050566 0.308751323363754 0.579267089489144 1
"463" 0.0772454861062656 -0.473485251017951 0.122095571839965 1
"464" 0.268480434844101 0.416501277949353 0.355232572106022 1
"465" 0.512313442658622 0.115233902806746 0.807013037827831 1
"466" 0.427834872115822 0.26471928160484 0.597532519793355 1
"467" 0.464133926177079 -0.184668054789005 0.724604850295261 1
"468" 0.487114100223887 -0.194074790018743 0.774291077615906 1
"469" 0.224007895030297 -0.459439526333429 0.271061920429215 1
"470" 0.0291007975257863 0.487536227286952 0.0315855319239015 1
"471" 0.134900877971877 -0.496434225077932 0.116961139687891 1
"472" 0.39942009324242 -0.332109760332817 0.540868438923972 1
"473" 0.24522576243519 -0.452726612821283 0.299674958048854 1
"474" 0.499224450353296 -0.0503924499636168 0.808189623104727 1
"475" 0.244298141995353 -0.466589464696745 0.28412001542355 1
"476" 0.375946811426276 0.313409260266376 0.560413855462397 1
"477" 0.392573852369591 -0.2751333849482 0.612823771217495 1
"478" 0.317649691669763 -0.420930289547462 0.453790576789119 1
"479" 0.477946479516872 -0.126524110706868 0.776295244843235 1
"480" 0.320008027612325 -0.35742947550758 0.461099318608079 1
"481" 0.454407229259706 -0.167285292635435 0.759166262502597 1
"482" 0.459460708415679 0.216274621082956 0.747388463928336 1
"483" 0.539009282671227 0.0234797613131931 0.874266824512475 1
"484" 0.279370601420905 0.42687184842033 0.345090092682731 1
"485" 0.296100502708336 0.362860696764195 0.423704608151977 1
"486" 0.125495624889292 0.481519981415789 0.135127410568388 1
"487" 0.40479439946276 -0.282976005387856 0.608937936070246 1
"488" 0.490188605557449 0.104495713147279 0.810384551731071 1
"489" 0.416977618942696 -0.285774160613222 0.614744421311431 1
"490" 0.509267952490681 0.122788467375199 0.845238583707164 1
"491" 0.286838218308308 0.364043459300239 0.400922953658349 1
"492" 0.109224404761266 0.482501814986232 0.119363916814543 1
"493" 0.248176885658971 -0.44969754963572 0.301166270500786 1
"494" 0.208261522597473 -0.458064803359363 0.253336540178321 1
"495" 0.501089807354052 0.0799285600497968 0.795417954081201 1
"496" 0.383603961663177 0.372962029168966 0.497716214127338 1
"497" 0.521723465017005 0.0533270962163432 0.86945799097102 1
"498" 0.463772984766398 0.280370983341335 0.700513907621469 1
"499" 0.183806321196295 -0.454173448286761 0.229780977812716 1
"500" 0.444671558192305 0.014070885328262 0.77184013870023 1
"501" -0.183247585412649 0.290586813398551 -0.360514380910816 2
"502" -0.0655198966141236 0.107125017233981 -0.132135777333871 2
"503" -0.165182304359409 0.278681774054619 -0.289120423736319 2
"504" -0.132766025702639 0.141837541019245 -0.2699046541214 2
"505" 0.0468425348612248 0.0756463008152679 0.0341485710820478 2
"506" -0.0348907657469269 0.935910485248708 0.105153707490942 2
"507" 0.220047569345429 0.978643698955748 -0.191869171691223 2
"508" 0.105570245847183 0.0940722306832607 0.195827682182751 2
"509" -0.255391879779673 0.574535060512504 -0.204884475297975 2
"510" -0.26537128899122 0.429907581292256 -0.324864863471959 2
"511" 0.171636427636891 0.966518327249648 -0.111086103485266 2
"512" -0.203031799862528 0.603468028021265 -0.167228097633292 2
"513" -0.243141941840361 0.668422902188143 -0.152820594773058 2
"514" -0.18036775838095 0.239859990303108 -0.298860484095567 2
"515" -0.183570331385304 0.409993578311961 -0.232679122064829 2
"516" -0.18858878275202 0.372591086629079 -0.291002959070571 2
"517" -0.0697066251425549 0.110265709879367 -0.177698366058047 2
"518" 0.126647022078954 0.985984683771368 -0.100256734593915 2
"519" 0.000499169210648392 0.906864368039233 0.0205250938935233 2
"520" -0.0953696094097656 0.837603222872311 0.0203647764968776 2
"521" -0.117518421111778 0.160983087084855 -0.239822295352956 2
"522" 0.0309050344178223 0.0325678433719711 0.0836725047733928 2
"523" -0.242929719941818 0.45374509175044 -0.297537475896218 2
"524" -0.242227351698374 0.445818253272875 -0.281495531607062 2
"525" 0.209922879485511 1.02369957607426 -0.201177875656797 2
"526" -0.0714642030780569 0.0487509278330068 -0.13165252344633 2
"527" -0.250663343542942 0.684783898642393 -0.0886455644864579 2
"528" -0.188007500478096 0.724105571023735 -0.0351157501686876 2
"529" 0.266977274549346 0.0514032324837705 0.506581357647768 2
"530" 0.275924911024864 1.02728591778644 -0.252989930837299 2
"531" -0.223156332508702 0.443412612801855 -0.268196007746417 2
"532" -0.20895767087614 0.295756467512612 -0.323858770373098 2
"533" 0.0341914883953738 0.921473059551571 -0.0480007764431056 2
"534" -0.00725058713975905 0.960873832073115 -0.00531016497961521 2
"535" -0.0581801272901339 0.101542627409098 -0.144241635794829 2
"536" 0.248586396219537 0.00624548737731107 0.525972269133378 2
"537" -0.0138971920549858 0.157321767775256 -0.0144033072326161 2
"538" -0.144337461692902 0.810126098429108 0.0178114431198429 2
"539" -0.21072260789271 0.686553285274076 -0.10042918736077 2
"540" -0.244298541543603 0.382074947929522 -0.333062957017029 2
"541" -0.183903092786655 0.225331380596804 -0.305304027702171 2
"542" -0.225200597990515 0.610695144921395 -0.151749076158426 2
"543" -0.0144403263629003 0.912175818696482 0.00500792766195194 2
"544" -0.0655028668576166 0.115916395673184 -0.120532778803405 2
"545" -0.193866023996826 0.295532383111881 -0.329147490869212 2
"546" -0.044224229360211 0.0596096441564381 -0.0995383173542612 2
"547" -0.0962588372439705 0.856020283084722 0.044040577357583 2
"548" -0.253369856632727 0.577939852115209 -0.201709933493863 2
"549" 0.208516339652055 1.0274394162263 -0.153624977725521 2
"550" -0.0219830117976934 0.124877281778303 -0.0160396373612313 2
"551" 0.224981801326024 0.953545169632834 -0.124862538167706 2
"552" -0.227261114549882 0.614574603111598 -0.150394369397366 2
"553" -0.246287848709606 0.436042815495489 -0.338155252633923 2
"554" 0.0908703448836731 0.968185004610389 -0.0660469029327497 2
"555" -0.236240565200026 0.640008640182408 -0.120227785196738 2
"556" -0.192276379686338 0.787266933797265 -0.027281244576601 2
"557" 0.162538198877785 0.0169414675281078 0.308025960575401 2
"558" 0.0367182420583715 0.0152530950698233 0.0737685749386259 2
"559" 0.0438423404620753 0.0146503634426273 0.0988026055654405 2
"560" -0.225198072909404 0.71581418143851 -0.0589996704365912 2
"561" -0.192505778720491 0.264179080970787 -0.282984936180121 2
"562" -0.0828621691300402 0.840754514984272 0.0373767308238213 2
"563" -0.250965420857953 0.427055788032937 -0.295711611492676 2
"564" 0.155839152689053 0.0417508466511098 0.324020387190576 2
"565" -0.00519426529408673 0.115933248562742 -0.0131164754346996 2
"566" 0.21832889287645 0.0543413807122405 0.377323087957972 2
"567" -0.00461955645842091 0.11037947341095 0.0288516135848106 2
"568" -0.182825762379849 0.272062576363055 -0.31313968709097 2
"569" -0.221733589808306 0.306299693801484 -0.334979243085452 2
"570" -0.190898236709053 0.7598906115372 -0.0257908070957148 2
"571" 0.0688229807397598 0.958091714961346 -0.0385836181946756 2
"572" 0.176576013611648 0.00202092643616829 0.332104664673489 2
"573" 0.133586516752716 0.995146337661636 -0.11371997500391 2
"574" -0.250009036925479 0.535107223792443 -0.251992111143608 2
"575" -0.230139816321145 0.587993128026797 -0.135044599583594 2
"576" -0.0578336383465563 0.0143441331738444 -0.163971977716668 2
"577" -0.214874999673 0.317747525900503 -0.349531780417231 2
"578" -0.151708344724649 0.227175663396354 -0.2621261036346 2
"579" 0.20198259937114 0.0265246715438821 0.391559090494584 2
"580" -0.0973495834351956 0.125941221531432 -0.172014992110281 2
"581" 0.11008099402107 0.990084421138779 -0.0716025700594801 2
"582" 0.1530734879405 0.997784738927418 -0.127413508385149 2
"583" 0.119894511364366 -0.0450012211523737 0.221070082093857 2
"584" -0.00728424184849773 0.0915441451209356 -0.00679765742154079 2
"585" -0.253336689403303 0.621057820557937 -0.149055837028181 2
"586" -0.121113717403356 0.850912197425292 0.0190915128101062 2
"587" -0.290930427194232 0.429353926929178 -0.38567887600032 2
"588" -0.245044944345078 0.379668653361978 -0.316795567998925 2
"589" -0.171699352197238 0.226366094062355 -0.363112380556885 2
"590" -0.0192820099942033 0.0794103473538652 -0.0346293328598104 2
"591" 0.14564027721587 1.01364435910067 -0.148275040955258 2
"592" -0.261436195604895 0.398887551736733 -0.361865218479544 2
"593" -0.0536563102215977 0.115177731526623 -0.100257128836331 2
"594" -0.244816980175253 0.522608972959449 -0.250496719560501 2
"595" -0.24555354797155 0.329841832457799 -0.382885497035948 2
"596" -0.265593019926251 0.426458936186909 -0.400601693106096 2
"597" -0.208303762616622 0.689564109872092 -0.0994135821556447 2
"598" -0.105600350065593 0.881881592904605 0.0369183855945458 2
"599" -0.11136045568777 0.243050140333917 -0.211756884886462 2
"600" 0.201911389082488 0.0194140782869041 0.402357171605525 2
"601" -0.110081980353776 0.222028021591498 -0.201398294475045 2
"602" 0.00332659490123079 0.938142221612675 -0.0151414161509242 2
"603" -0.131648915906466 0.142882745252229 -0.253052174674491 2
"604" -0.0999123622802449 0.126889977849748 -0.221176089903465 2
"605" 0.215029853096465 -0.0025913753064363 0.394141242068158 2
"606" -0.244764543914975 0.370075648032653 -0.325230896165811 2
"607" -0.156085463795361 0.753849666700627 -0.0230303136398825 2
"608" -0.0630324686094725 0.86580331498169 0.0291800291213142 2
"609" 0.0474023264079448 0.0627874067284629 0.10112342777768 2
"610" 0.14674002914326 0.0121435193123561 0.308308112919276 2
"611" 0.169050732759621 0.937179627198816 -0.100325089867507 2
"612" -0.26455957711721 0.590407230703944 -0.210523623387411 2
"613" -0.291496311826772 0.408272324985908 -0.412896841762145 2
"614" 0.0689372381949405 0.934902722939205 -0.003194141154643 2
"615" -0.124785895135415 0.836643357637433 0.0544796705181112 2
"616" 0.0218378368830376 0.937502501797948 -0.0494811227442582 2
"617" 0.145724249178715 0.946520527334897 -0.0843234001857788 2
"618" -0.108041108908331 0.132672681029479 -0.214215328834245 2
"619" 0.0450418293043848 0.0797150355903029 0.0844804967737708 2
"620" -0.249076890921452 0.43549368278055 -0.287053814584831 2
"621" -0.197403440389271 0.683853030324185 -0.074360763323605 2
"622" 0.206505345435063 1.00375894933731 -0.185926172772997 2
"623" -0.0325783847328087 0.0953501638673886 -0.0911306765467145 2
"624" -0.175880786056249 0.654233304515611 -0.100753249238312 2
"625" 0.150215376105845 1.03280583303906 -0.140472061127182 2
"626" 0.16052584264726 1.00919226273915 -0.155470645295502 2
"627" 0.0792738858031343 1.03828952340578 -0.078984147260381 2
"628" 0.16350120011649 0.989717061588226 -0.171931668300011 2
"629" -0.0253867947611502 0.114073732781211 -0.062838841594706 2
"630" -0.160084168599062 0.228150593052329 -0.288945637073681 2
"631" 0.139908535214371 0.0105812174480552 0.265842149163822 2
"632" -0.212546903838442 0.731818198967433 -0.0345593831421265 2
"633" -0.271915722757342 0.349314183749605 -0.413979287171696 2
"634" -0.263880992160862 0.602680540426534 -0.205033635751718 2
"635" -0.221978846375754 0.442865038298444 -0.270145002381443 2
"636" 0.19053315820853 0.952655856498135 -0.122005418282575 2
"637" -0.225331170732932 0.721264138617843 -0.0912072677288745 2
"638" 0.0604156084273504 0.021510408465101 0.158808764966987 2
"639" -0.271671712729157 0.415032123716437 -0.402650913179263 2
"640" 0.170219849577088 0.0209557113937791 0.331309264319474 2
"641" 0.109949696985741 0.976624087205751 -0.0853694974255823 2
"642" -0.23398316502988 0.673606855165891 -0.130012690024093 2
"643" -0.231168544152073 0.603651174537836 -0.16402414270851 2
"644" -0.234558089347509 0.613735474666915 -0.116879115970793 2
"645" -0.205966682714877 0.342127022452475 -0.285628838390123 2
"646" -0.302673110357127 0.535046038551237 -0.258323446285248 2
"647" -0.0924697328748946 0.865559990303258 0.036995959465372 2
"648" -0.267654485046952 0.582740199522671 -0.185259160282395 2
"649" -0.172577901841524 0.798827177078135 -0.00173419649568339 2
"650" -0.240488532495068 0.369680800172209 -0.351291408429325 2
"651" 0.0075129512285559 0.0436583754197635 0.0102816843538349 2
"652" 0.111423551448075 -0.00658521844259222 0.224311703604729 2
"653" -0.180231316649802 0.273420976434416 -0.296341155558246 2
"654" 0.182204847016421 -0.00105093331787442 0.361577657390512 2
"655" 0.0229779041577779 0.888153029568463 -0.0181745097411427 2
"656" -0.208845796684294 0.41787805152971 -0.206794057648961 2
"657" -0.0245892164325408 0.947450135916641 0.0710178117181045 2
"658" 0.109147851359575 0.94064210267083 -0.0703908309775912 2
"659" 0.174239216646478 1.02308523823013 -0.1591439611876 2
"660" -0.142996516750518 0.185583364153552 -0.290249690450821 2
"661" -0.0746067786944914 0.126161116450993 -0.153837399692172 2
"662" 0.0159186807295771 0.952562920516552 -0.0337957017986561 2
"663" -0.231147604092747 0.413172643232155 -0.293234025716456 2
"664" 0.025802603582761 0.0721248629904305 0.0657850595934788 2
"665" 0.0105182098593389 0.0961736142491946 -0.0141644667555926 2
"666" -0.196217152581354 0.738466964270331 -0.0458173688702801 2
"667" 0.223666103546352 -0.0114997700824006 0.439781098963112 2
"668" 0.0736846943936588 0.0098033742728747 0.158901977164355 2
"669" 0.0739092320302799 0.97613445162093 -0.0600565989528854 2
"670" 0.0173133369536535 0.935736426911973 -0.0685533654886536 2
"671" -0.0505471895685854 0.952364709855941 0.0613902817710051 2
"672" -0.235377592849288 0.656980792634562 -0.125707924616783 2
"673" -0.151170852374081 0.288442279967492 -0.28152288724389 2
"674" 0.0828007476979488 0.0262112931633821 0.205689784551784 2
"675" -0.112169297488183 0.835108650992768 0.0838737108618994 2
"676" 0.0657242250203171 0.954141810875286 -0.0793831118405055 2
"677" 0.18913559904696 0.971857317704804 -0.136821341179413 2
"678" -0.0361801854213978 0.924826331015436 0.0162969615609424 2
"679" -0.116401826768523 0.840115356722841 0.0652502844441168 2
"680" -0.213665177880465 0.283204624522779 -0.316749062243192 2
"681" 0.243599757993043 0.968824053570333 -0.187963088949671 2
"682" -0.243606489646797 0.44946795817419 -0.293826840723417 2
"683" -0.271974795286326 0.694825958021847 -0.1026207575458 2
"684" 0.191615620344631 1.00188079144415 -0.136913027955935 2
"685" 0.0426669607060171 0.0380665939453984 0.0176886611389142 2
"686" 0.202513786315325 0.0373027041406224 0.368341480635274 2
"687" -0.2608445904914 0.445143392532174 -0.33310137540117 2
"688" 0.029066769139984 0.977348448206603 -0.00311392987520581 2
"689" -0.199936301816884 0.312162636900937 -0.299841298338315 2
"690" -0.0224581507417509 0.0559347273698497 -0.0468620822537875 2
"691" 0.020949973287494 0.0460934978085864 0.0657354422020432 2
"692" -0.191047299295036 0.76708102382402 -0.0433304700091658 2
"693" -0.218683151398441 0.397265284894009 -0.295832987948977 2
"694" 0.115374527616857 0.0256447221589523 0.196921459356514 2
"695" -0.101682062122841 0.873146668756059 0.00620991573354858 2
"696" 0.190696346862724 0.00193387346366337 0.398556725228507 2
"697" -0.0696491155666281 0.144445554297403 -0.111100074486047 2
"698" -0.103212164653307 0.836829847954025 0.00564496994571661 2
"699" -0.0440371674907438 0.945158983700893 0.0573672039647863 2
"700" 0.0194158783039686 0.920355927869001 -0.018499904927668 2
"701" -0.167622470773214 0.205510645494261 -0.273480763708458 2
"702" 0.0113994982070729 0.0898484992514442 0.0258499837676603 2
"703" -0.183667643774913 0.257371773161271 -0.312163847504525 2
"704" 0.136332493905077 0.00129284677793964 0.260546309522559 2
"705" 0.0239226561304802 0.0463944324154887 0.0854555496111975 2
"706" 0.138095546374106 0.0345177897807279 0.290612107770663 2
"707" -0.198056750517396 0.387817629799666 -0.268531656219483 2
"708" 0.140865099697844 1.00517139511715 -0.0959340165269154 2
"709" -0.0280581922603417 0.878619566263884 0.0256795145559096 2
"710" -0.113539009697212 0.88709788899589 0.0347861755499239 2
"711" -0.0266856699098917 0.935203759873537 -0.015932226831135 2
"712" 0.0274678523877529 0.928843766514535 0.0195077328222636 2
"713" 0.214263007556026 -0.0217888615695109 0.368966405170017 2
"714" -0.0216660374281246 0.0545254154322177 -0.046508222359501 2
"715" -0.225166358870659 0.489219452369343 -0.229228096712926 2
"716" 0.035300463842709 0.989609778505616 -0.00447643565249763 2
"717" 0.121234883603173 0.986090981060916 -0.0740540603698879 2
"718" -0.0124035992991266 0.0646454522749721 -0.0129826086628951 2
"719" -0.000581842541160463 0.0851421517094142 0.014734165545884 2
"720" 0.0712747162979473 0.970103484403882 -0.0727554737320396 2
"721" 0.156584613634803 0.994969005969793 -0.15694322993652 2
"722" -0.200877515017217 0.347347472558023 -0.291243346321144 2
"723" 0.239456499042894 1.00070181093789 -0.196411238868163 2
"724" -0.200235995739111 0.734901277099946 -0.00150697711324951 2
"725" -0.204710251359697 0.224047185200866 -0.340297382446232 2
"726" 0.0876516398601425 0.0159768657628449 0.157695411315369 2
"727" 0.076668191007594 1.00244753229494 -0.023454545026764 2
"728" -0.201994405464827 0.721083071970512 -0.0636131308977822 2
"729" -0.255114368411976 0.35531982434577 -0.297679293446393 2
"730" -0.181769215761689 0.763360888644776 -0.0224626642090319 2
"731" -0.185479166958443 0.737952388946546 -0.0456257841160506 2
"732" -0.184403882935374 0.606811521274398 -0.17223470667957 2
"733" -0.229225950442691 0.578630420456069 -0.182559474835849 2
"734" -0.162006874897935 0.757046099494891 -0.0227793322271843 2
"735" -0.0700941536539111 0.837879045494776 -0.0185076750273424 2
"736" -0.274603797092639 0.46830097604568 -0.269697974173973 2
"737" -0.0798287956680894 0.866676998837552 0.0294069207513354 2
"738" 0.0287333310029407 0.0720346780778888 0.0595968617420792 2
"739" 0.0267558060370778 0.982763095204064 -0.0526723151490702 2
"740" 0.208736692369791 -0.0189391719119988 0.399254148641618 2
"741" 0.227429062772332 1.0136868851069 -0.212149494075707 2
"742" -0.0397644536249495 0.0482350329030669 -0.0378013040057067 2
"743" -0.220629187784851 0.293292875741414 -0.383089582829443 2
"744" -0.150176718415951 0.720208718605323 -0.053495522592898 2
"745" -0.203399000706242 0.301553576923938 -0.318486846297779 2
"746" -0.251709916407674 0.40539345143336 -0.340378621788095 2
"747" -0.24079013200141 0.349358105210018 -0.303718418388114 2
"748" -0.236836806020243 0.411964389655795 -0.294147718703998 2
"749" -0.213342689059658 0.562694376493773 -0.20406612783087 2
"750" -0.154494684394327 0.852187354008688 0.0415111072442873 2
"751" -0.203572122007638 0.352482189286488 -0.309970906969449 2
"752" -0.016825983485511 0.0275767577429404 -0.0111628893853404 2
"753" 0.191426725228466 -0.00366614267361178 0.345732529127139 2
"754" 0.113600966463316 0.0073232604345987 0.26025392819012 2
"755" -8.38600651298996e-05 0.0477985224877105 0.00949776684929626 2
"756" -0.206859374944944 0.318614249403438 -0.286461449438527 2
"757" -0.240844333273057 0.587811450696257 -0.185941694049244 2
"758" -0.176098650232276 0.274223259485586 -0.315577662273094 2
"759" 0.117331557663911 0.998898373608004 -0.0851502912155479 2
"760" -0.262096697821019 0.408317564071866 -0.348879596324451 2
"761" -0.145929159807806 0.834601161039751 0.0366340258239053 2
"762" -0.139577063622233 0.805976159237537 0.0213992754578603 2
"763" -0.167744819974197 0.170860833926896 -0.36615149929638 2
"764" -0.12909857154861 0.217081031246198 -0.180192099591256 2
"765" -0.0756399873793789 0.163183755533467 -0.187122404951543 2
"766" -0.212797254645089 0.482299941434099 -0.262563972218916 2
"767" -0.245871624635258 0.480073800451835 -0.300231474991584 2
"768" 0.0267009674115685 0.0449292510040415 0.0361590377344478 2
"769" -0.0392920302030855 0.119634386147092 -0.117842894012724 2
"770" 0.117896172874594 -0.0290789802591228 0.239480634596563 2
"771" 0.00401672601693551 0.00442916902771123 0.000817969050686438 2
"772" 0.118725219020868 0.0541651024053208 0.18994778557545 2
"773" -0.25015761058433 0.383351979597721 -0.333427554332734 2
"774" -0.18066047788073 0.381653602869225 -0.246647099199276 2
"775" -0.240206705055581 0.434232899299324 -0.305307956880416 2
"776" -0.0965117456818134 0.164729379734618 -0.20089145609908 2
"777" -0.165146831333993 0.290699455480307 -0.247563193116822 2
"778" -0.150386192550418 0.221169000089291 -0.323510409587422 2
"779" 0.0681090384733872 0.039098322173178 0.1275822693086 2
"780" -0.10121188528029 0.855842887529104 0.0440407484842988 2
"781" 0.0609444207519435 0.969342025042087 -0.0423422235169135 2
"782" -0.166383935654826 0.690034675354598 -0.0144640412886496 2
"783" -0.209608452382664 0.335810256563888 -0.307645574574758 2
"784" 0.0825632049904154 0.0119110415628667 0.150930590207664 2
"785" -0.0149905578887856 0.110806385858591 0.00581235952019135 2
"786" 0.0879492571038726 0.00630711717066399 0.19610386883295 2
"787" -0.250211499044112 0.670362226094297 -0.0770478074958345 2
"788" -0.00638547811639923 0.0950726284704896 -0.0270721633402465 2
"789" 0.131333656328112 0.962230237444351 -0.0942682744015711 2
"790" 0.120072808936789 0.979311493772095 -0.0726530404492292 2
"791" 0.191901134546544 1.02759836340829 -0.182210528989527 2
"792" -0.191124444958963 0.736833140732727 -0.0745560549167348 2
"793" -0.240838747683473 0.579735215662839 -0.196219253812786 2
"794" 0.0885402340600455 0.988270129125805 -0.104551333738808 2
"795" 0.173060633636346 0.0229406993661504 0.330708695195726 2
"796" 0.0221423650898278 0.0822559218056541 0.0460794931791326 2
"797" 0.167475077691222 0.986157112745008 -0.18125250155482 2
"798" -0.0815860839018235 0.0890333537201588 -0.180076727326111 2
"799" -0.138629928966286 0.810301212225328 0.0103033945069867 2
"800" -0.0683463938060954 0.13394555755626 -0.113083767852798 2
"801" -0.063272991571581 0.914501350889905 0.0115643874770849 2
"802" -0.275886262501514 0.341274252523126 -0.420442712526446 2
"803" 0.026841243687398 0.912928622563285 0.024535527649275 2
"804" 0.0974951549924324 1.00686599874351 -0.0761119564572312 2
"805" -0.0249469491163 0.882411987859992 0.0324832430982059 2
"806" -0.177173736271595 0.258037348034096 -0.265783534084709 2
"807" 0.0816369372950158 0.0897364635091645 0.171839287752788 2
"808" -0.27993099095028 0.521009962680407 -0.250669143150238 2
"809" -0.0581251957871206 0.856819254034802 0.0131189850094986 2
"810" -0.263973176031853 0.551174578484369 -0.187070995437247 2
"811" -0.222844636319985 0.256064559160999 -0.405885363833151 2
"812" -0.254451605840424 0.432624792123333 -0.319031700357026 2
"813" -0.154878505987735 0.182484256153409 -0.301916035240015 2
"814" -0.142009235913079 0.869219026672063 0.0460701437370128 2
"815" -0.210989254585419 0.314613886000566 -0.367774932373439 2
"816" -0.185704869780867 0.239251963541055 -0.32428769696571 2
"817" 0.0716764960397655 0.982572537280133 -0.0666164764556566 2
"818" -0.015285300942305 0.0682921127680418 -0.0317451371732004 2
"819" -0.0697933622981435 0.829492067245066 0.0266374082150042 2
"820" 0.215140836050753 -0.0090831665483978 0.417309320081897 2
"821" -0.191676178642649 0.722255989041145 -0.0910350440129516 2
"822" 0.0744264598777857 0.951289286841689 -0.0408599661918622 2
"823" -0.171367498281704 0.228026261764084 -0.302658934300685 2
"824" -0.0418556054380725 0.914260579702152 0.0462944804577037 2
"825" -0.262388619607085 0.51520147734712 -0.300281918989353 2
"826" -0.251366441206985 0.499213845823809 -0.288600695074058 2
"827" -0.1285896984295 0.129939298912878 -0.228554229063454 2
"828" -0.223047884837121 0.325353006217481 -0.370266500903181 2
"829" 0.0918926797305469 0.00841298452073538 0.215640268153432 2
"830" -0.155719998627631 0.287519017359442 -0.243880765729716 2
"831" -0.161170286365307 0.288489826655587 -0.231957950307778 2
"832" -0.238730529120762 0.388750157959534 -0.31740368073202 2
"833" -0.0945839330430785 0.934428266331344 0.0532070685828757 2
"834" 0.0276756283524961 0.0211954782885711 0.0466396310704202 2
"835" 0.253494183426833 0.975580609009728 -0.147749713788995 2
"836" -0.268672013965597 0.564121090851849 -0.231158698027022 2
"837" -0.215969220650821 0.685712407638649 -0.0582713004200404 2
"838" -0.194766462465428 0.746651012644978 -0.0327878259882291 2
"839" -0.234308741094761 0.309902751022415 -0.400365443276525 2
"840" -0.218951134158659 0.768121071289718 0.0219653411594778 2
"841" -0.243283688390971 0.346176808483588 -0.34878627029004 2
"842" 0.0590915738115192 0.927125608184267 -0.0116600025454632 2
"843" -0.266174833833414 0.487893584688235 -0.236501106455212 2
"844" -0.0180532097711637 0.903296185930767 -0.027513853629988 2
"845" -0.249799658193742 0.650892623070718 -0.103232590567975 2
"846" -0.2301869009085 0.609993291221686 -0.163884143473275 2
"847" 0.169676254357413 -0.00258678994945805 0.299168990780814 2
"848" 0.117641822044294 0.0126805688970702 0.269216449386539 2
"849" -0.0747711811996291 0.108654387355335 -0.151481051152276 2
"850" -0.0279106025261079 0.932711337990497 0.0138990428049896 2
"851" -0.106332480192535 0.14170505559294 -0.209977706464294 2
"852" 0.0564633237434531 0.0411855392273593 0.0632566649239829 2
"853" -0.118839443117566 0.836638590825338 0.0416675888462495 2
"854" -0.0774751180843991 0.0617815765442657 -0.176571729844003 2
"855" -0.240840310656122 0.518906487512549 -0.228479558552628 2
"856" -0.165449791009313 0.806560963321447 -0.0137128717634118 2
"857" -0.217902672027129 0.756598654091991 -0.00290652531719687 2
"858" -0.110722769436115 0.12491076238236 -0.212126372385825 2
"859" -0.208003572306684 0.634591119644307 -0.141634542119286 2
"860" 0.07271537299478 0.046712410490375 0.140872145435669 2
"861" -0.220264622804798 0.687422069387732 -0.0815221256032796 2
"862" -0.216341925504034 0.559771863961875 -0.170093614235172 2
"863" -0.247547938339567 0.528811837220678 -0.199045925767548 2
"864" 0.0311230212047578 0.922180472038335 -0.0265793112537204 2
"865" -0.255608736672402 0.694209705621609 -0.144349518029854 2
"866" -0.256364251051722 0.452168240247815 -0.317886600391423 2
"867" -0.246043464255782 0.557417566630344 -0.233965534178931 2
"868" 0.202187612372451 0.00224735401707443 0.388950484406929 2
"869" -0.150213386912727 0.786931658886605 -0.0276251515860382 2
"870" -0.0600064272968777 0.19995617903278 -0.13094351845203 2
"871" -0.0932549287586548 0.930594170374454 0.0322582296921451 2
"872" -0.202678120887473 0.701835872428269 -0.0288014336252101 2
"873" -0.160066212284665 0.198403128663566 -0.289184504056089 2
"874" -0.270158559264587 0.441156167173232 -0.292647896739529 2
"875" -0.0163536448634233 0.061989576847453 -0.0167673157872742 2
"876" -0.295466692411086 0.486914716371416 -0.344068304218082 2
"877" -0.0790850665699007 0.128598793940889 -0.15161906211918 2
"878" 0.107555060037719 0.955913841708266 -0.0873611533511866 2
"879" 0.270311691226387 0.996996932154534 -0.22139619168191 2
"880" -0.0316744746993642 0.888404333740677 0.0319997653637249 2
"881" -0.17794804006794 0.272404119826342 -0.317732015951877 2
"882" -0.265194770326334 0.575409217005962 -0.217597147320482 2
"883" 0.014604287790789 0.908629018696541 -0.0216000974944721 2
"884" -0.229316639881504 0.637434500972468 -0.15948483237354 2
"885" 0.183244353506615 1.03073005205902 -0.169103237282666 2
"886" -0.0861338628652688 0.088297031737686 -0.170799312436401 2
"887" -0.0573866816841835 0.123525645440043 -0.141328517251894 2
"888" 0.200578899888149 0.994830706162704 -0.148550029363895 2
"889" -0.000163108124623459 -0.00578447675002021 0.0048188233941598 2
"890" -0.255562632564156 0.455684505555567 -0.252529390233015 2
"891" -0.109075313242195 0.897205983139401 0.0445584135947033 2
"892" -0.231858087053789 0.664855929077681 -0.0832838841640107 2
"893" 0.0606421410122867 0.97871523549824 -0.0520557181594321 2
"894" -0.0668949628612902 0.0593176788761535 -0.118668450788436 2
"895" 0.144909687557882 0.0162321062271597 0.28316288051275 2
"896" -0.225875988769647 0.689400365877306 -0.105114181506639 2
"897" 0.0178978841705154 0.928691502440808 0.00599033700167272 2
"898" -0.147148918881554 0.78455774657456 -0.0135385100405285 2
"899" -0.229068718135973 0.327039739516236 -0.363186950676283 2
"900" -0.108790914901814 0.201675870955909 -0.21496354781785 2
"901" -0.0360731659157315 0.937887883251551 0.0444631597034515 2
"902" -0.244153090737039 0.566046583715232 -0.196107319644069 2
"903" -0.201189655535067 0.688930771065312 -0.124642501251961 2
"904" -0.238287030160896 0.582318041703704 -0.167443903235098 2
"905" -0.00948076408315168 0.882641166294519 0.0218328007432399 2
"906" -0.250505620755601 0.49124712339429 -0.251273778337742 2
"907" -0.0119038996778599 0.0804947701633047 -0.0290231436522954 2
"908" 0.158443244051167 0.957838221222611 -0.0781976621489898 2
"909" -0.240330678319104 0.584238412576359 -0.173161097966507 2
"910" -0.0648686966070349 0.134077694887676 -0.0994647666993895 2
"911" -0.155497283640433 0.702288463745295 -0.0251758254476344 2
"912" -0.0319557874177144 0.902136484610664 -0.0373807161928052 2
"913" 0.0629177652010682 0.0346785593789688 0.0953247841782997 2
"914" -0.219508402836476 0.446566449511275 -0.250132261884499 2
"915" -0.145919626713507 0.212866198908898 -0.251508384463418 2
"916" -0.158187450989022 0.808554411356731 -0.0201723598231626 2
"917" -0.150771568194597 0.842123578151833 0.0275547482972645 2
"918" -0.107438119150534 0.835068083868734 0.0560556917482304 2
"919" -0.053882352219765 0.121035086941746 -0.0420637533689289 2
"920" -0.212391933884265 0.27270562925192 -0.370704960603064 2
"921" 0.247213880556619 0.996846804061382 -0.182688939970723 2
"922" -0.0544628162765132 0.888880523451863 0.0404213750547581 2
"923" 0.121214651813548 1.01546407000524 -0.124073947638115 2
"924" -0.223774153792602 0.346089502215785 -0.346766646268454 2
"925" -0.207677156942559 0.490469240049382 -0.219433891895192 2
"926" 0.19293675060595 1.01482391347314 -0.163840191675385 2
"927" 0.168569491631467 0.0041974924124455 0.270024661485375 2
"928" 0.236198321065076 1.01811470433052 -0.179668080282073 2
"929" -0.226167633804155 0.352234989022144 -0.306946732293204 2
"930" -0.248278876462267 0.346745162636626 -0.358042235194443 2
"931" -0.159463168943137 0.145571587870048 -0.300711679437263 2
"932" -0.046942794605734 0.841969767782551 -0.00117127410456904 2
"933" -0.12194758918707 0.856719223923363 0.0217140290584784 2
"934" 0.063809280114945 0.0835800012077453 0.155871222636695 2
"935" -0.245414891461044 0.530481877963971 -0.242894015611892 2
"936" -0.166283534152203 0.829470252086801 0.0336331615699755 2
"937" -0.186925017321759 0.28900541077254 -0.267928667666221 2
"938" -0.184241837461047 0.226898885147794 -0.304911091706782 2
"939" 0.0573709655871767 0.0494087754547754 0.0351163341726366 2
"940" 0.190978720750153 1.03917593150507 -0.198223437182913 2
"941" -0.0504259171929263 0.91795495405985 0.0732683352616945 2
"942" 0.0143781346445946 0.0585282937811645 -0.00392522298112693 2
"943" -0.268861803455772 0.4022277589359 -0.421564803283637 2
"944" -0.235286001183793 0.408737385961368 -0.336030339542748 2
"945" -0.283834178686909 0.48365685370637 -0.300607093700863 2
"946" -0.1216275484078 0.847200189999081 -0.00966005626157048 2
"947" -0.00764908705401111 0.0506014473974763 -0.0431781829659632 2
"948" 0.0150170070528562 0.96461720849421 -0.00413606967649888 2
"949" 0.0549146355870871 0.952078045690603 -0.0651283706365559 2
"950" -0.229602168067368 0.4746862386465 -0.240315710220923 2
"951" -0.0279852430826869 0.883822010882561 -0.00731450689499668 2
"952" -0.0466716360548727 0.905885623985456 0.0128453097477773 2
"953" -0.0407671481043668 0.906269262266843 -0.0355141590176039 2
"954" -0.00417436777606546 0.924720133745578 -0.0182436180422548 2
"955" 0.208058905145068 1.02066428829332 -0.210195238833196 2
"956" 0.115928430669885 0.0216138143626095 0.266040940963992 2
"957" 0.255646971792973 1.0197760639904 -0.212282093940769 2
"958" -0.186209036575364 0.292146579288235 -0.352319085250673 2
"959" -0.104519404375728 0.852130514506687 0.0495467532764336 2
"960" -0.194762795366694 0.769695267053313 -0.042264736149472 2
"961" -0.101902782552779 0.136045175676746 -0.162244669730878 2
"962" -0.258634945833119 0.698879812085046 -0.110551271390522 2
"963" -0.0961153773845949 0.129499511100762 -0.170767662776805 2
"964" -0.27231692991664 0.443476147029516 -0.335485600406189 2
"965" -0.140938044590084 0.857043996402929 0.0280489880477038 2
"966" -0.253611613297841 0.525775202813328 -0.280735058146201 2
"967" -0.235830644262445 0.343393246155842 -0.38313168729497 2
"968" -0.00834576457663401 0.115894674998319 0.00538180533913644 2
"969" -0.193277582862022 0.722525940620779 -0.0698497869913427 2
"970" -0.145297925648284 0.843550717305197 0.0210825937142316 2
"971" 0.0184272101676493 0.9731813288498 -0.0203037239905372 2
"972" -0.178838952818089 0.271705885032169 -0.330233639647159 2
"973" -0.0535501280134309 0.950104529300372 0.0395421798641166 2
"974" -0.227414212506113 0.346224028923451 -0.373207250591406 2
"975" 0.125391152977675 0.988118250433809 -0.0971036873982476 2
"976" -0.143593712904224 0.769332848201188 -0.0083703923363344 2
"977" 0.176793163040858 1.0038389574452 -0.16227215402625 2
"978" -0.176911026454795 0.746885722751415 -0.00102751024560361 2
"979" 0.120894682204795 0.988722587770579 -0.0926917420193218 2
"980" 0.163153790279631 0.996989146130842 -0.139479719021158 2
"981" -0.223010613974861 0.578970179668841 -0.15748596520988 2
"982" 0.243635977351181 0.995452561444168 -0.17985047694816 2
"983" 0.111768139093399 0.979146038271557 -0.112836186979719 2
"984" -0.0814992969735721 0.812857971662433 0.0358506786798338 2
"985" -0.196077712668294 0.423174999275623 -0.256732572271588 2
"986" 0.00996214162930754 0.934908347458387 0.0404419023282264 2
"987" -0.0241220157146678 0.919202840115896 0.0412179540075378 2
"988" -0.233122187153857 0.347190946064452 -0.338244938130942 2
"989" -0.201856885532296 0.264741551587792 -0.337601028716562 2
"990" -0.243601073051046 0.471075089437934 -0.257235576482904 2
"991" -0.102974395214563 0.157039133141706 -0.183049196675415 2
"992" -0.0661979368456854 0.879769678942496 0.02633394782109 2
"993" -0.125354525530843 0.764403843373173 0.000177652106672997 2
"994" -0.15965883495794 0.178151641519255 -0.310036784873258 2
"995" -0.010469165591407 0.989163364975025 0.0219674380009489 2
"996" -0.226590304985987 0.372733063298606 -0.329592595214682 2
"997" 0.172567354314766 1.02460246218535 -0.138175213520101 2
"998" -0.269648412143664 0.647622271135169 -0.167440681924448 2
"999" -0.208982371160751 0.727333496528496 0.0224807999702037 2
"1000" -0.249502327182001 0.368582784451692 -0.35876815350071 2
