"f1" "f2" "label"
"1" 1.0644549521192 -4.43827730466693 1
"2" -5.97717192636723 -1.72404598301072 1
"3" 5.49383120773899 -0.010098926758611 1
"4" 3.10789092111353 3.80048410809107 1
"5" -0.0876831762115669 -3.86420598864738 1
"6" -2.87632392329855 -3.26028919584858 1
"7" 2.01277305833736 -2.76870084975165 1
"8" -3.69903688018536 -2.86513484279505 1
"9" 5.17526144719498 1.92177056928081 1
"10" 0.573991449531593 -4.51527601047606 1
"11" 4.29422713058126 0.193255558083021 1
"12" 3.1171206602013 -2.64403445041156 1
"13" 3.05644844743962 2.59831454878267 1
"14" -3.19672960624649 -2.09061975341134 1
"15" 0.781649252898486 -5.2581866125061 1
"16" -0.17756075190647 -3.99644369317282 1
"17" -4.09153642872288 -3.7618931602108 1
"18" 3.28842469061683 5.549082375482 1
"19" -4.94437061913587 -2.23892320763246 1
"20" 4.66857609908993 -5.96693111915852 1
"21" -1.92990815516566 -5.73574258780499 1
"22" -0.821221175986149 -4.4190987663027 1
"23" -3.40001911165633 -4.09382502795823 1
"24" 3.54535164028308 4.63325638653412 1
"25" 3.81577947891439 -1.48969701176263 1
"26" 1.35171753618 -4.24679135564172 1
"27" -4.47779359985999 -2.9788592210982 1
"28" -1.40146288865004 -5.86127348394384 1
"29" -2.92128718716554 -1.73533984507811 1
"30" 4.08092829201698 -4.34323808397885 1
"31" 1.94446755372723 -6.02526080413053 1
"32" -1.79111589395785 -3.66955613336944 1
"33" 0.426772656769057 4.41795895494048 1
"34" -2.68893976181939 -4.302403527592 1
"35" 4.9306543551657 -1.55969125950507 1
"36" 2.17748146749597 3.5923736836162 1
"37" -0.205812848042244 -6.26614546334209 1
"38" 5.08690133225143 0.944221074389894 1
"39" 5.12331898291184 2.51268975785762 1
"40" 2.22459525830058 -5.28999897416548 1
"41" 5.5213998429196 1.32916467257256 1
"42" 4.30350565469852 -1.97619697973152 1
"43" 3.51064816900346 -2.15409286258415 1
"44" 4.30245026145835 -3.53354546860868 1
"45" 4.90286635316615 0.149510849187487 1
"46" 2.68518010399826 -4.80658102324285 1
"47" 3.54180627025997 3.72239808705442 1
"48" 4.03542673100637 2.62220366890013 1
"49" 6.43465405576669 4.51790962120662 1
"50" 4.35670266415089 -1.60885143776012 1
"51" 0.570719573432396 -3.55686288995928 1
"52" 5.79474273343154 2.7317395586919 1
"53" -1.34706231291687 -7.014125531974 1
"54" 0.0344362716866169 -5.17449975060831 1
"55" -2.55616742031939 -5.07019152626513 1
"56" -1.93489237412278 -4.2252119469305 1
"57" 6.36394532129487 -0.720020203832729 1
"58" 3.35881236664336 0.0951227772091018 1
"59" 5.22550381803291 -3.24330171136179 1
"60" 5.75313405955348 -0.251211089537296 1
"61" -3.02350872310077 -4.46303535908623 1
"62" -2.22456516077063 -5.82769742160212 1
"63" 2.96214432364106 -4.17454616206858 1
"64" 5.24338242398497 0.203705606776567 1
"65" 1.58199435044862 -6.26447349598936 1
"66" 5.92142340208617 1.23180144759316 1
"67" 3.72723720462884 -3.09153572762066 1
"68" 4.5968819369797 -1.43801233715613 1
"69" 3.69483551182392 -3.0365507702672 1
"70" -4.43428777494553 -1.48662822587351 1
"71" 0.060558891856308 -3.57711636655861 1
"72" -5.145853196077 -2.99129718103352 1
"73" 5.30859896914042 0.402012295791921 1
"74" 3.40598090549695 -4.00392733025775 1
"75" 4.19310652519716 5.52483062507054 1
"76" -2.45298758393604 -3.57212376038233 1
"77" 1.87819348562839 -4.75994599593167 1
"78" -2.84027563909141 -4.67438437378436 1
"79" -6.86835470414838 -3.64461780171087 1
"80" -2.67221477561965 -2.43157105797324 1
"81" 7.3539269064249 -2.06180121374339 1
"82" 1.68742481604187 3.43903918666864 1
"83" 3.21198878698791 -4.38977589707986 1
"84" 4.21074343972792 -0.0571342058022479 1
"85" 5.13523469173282 1.98844667578742 1
"86" 4.59451946880008 -0.679831382654203 1
"87" 3.37707244187523 5.22256501965148 1
"88" 0.690240477820094 -6.27257180111498 1
"89" -1.793950922976 -3.93904719509575 1
"90" 2.31038632886978 -3.93918376409243 1
"91" 4.86813244262121 -0.663327633537802 1
"92" -2.61545358522445 -3.62324386720702 1
"93" 4.17502679836919 -2.99171049099805 1
"94" -2.20653413392723 -3.72456454205249 1
"95" -4.41284631231678 -2.31472074432372 1
"96" 4.23639349110037 -2.31036756091549 1
"97" 3.3567898053458 -5.19179897451279 1
"98" 4.53552055757488 -1.58402893325463 1
"99" 3.48550520659119 -4.0355380520212 1
"100" -0.216151294613671 -5.71431384530078 1
"101" -7.2598502271175 -0.770075178077274 2
"102" -9.19960805250254 -1.62770414960813 2
"103" -9.83061830150364 -4.12464178734697 2
"104" -8.31818863376525 -8.28643768812582 2
"105" -0.495146055839526 -0.373303040043874 2
"106" -7.37975589333771 -5.65837103975853 2
"107" -7.18611999016543 -1.57710327608047 2
"108" -8.44644950706241 -2.40168048999782 2
"109" -1.64801646090386 0.990102818493257 2
"110" -7.7896278626346 -0.739849748112232 2
"111" -9.69860835129747 -3.52554524059939 2
"112" -5.88031747308146 -7.22203961846671 2
"113" -7.25924431513685 1.99042350926232 2
"114" -1.08955670783474 -0.684878549321694 2
"115" -0.748530165080581 -2.58416858572026 2
"116" -7.68978341694914 -1.36895203456294 2
"117" -7.41653555352025 -6.52162746575988 2
"118" -10.5058342282283 -2.33339642967736 2
"119" -4.78302743466023 0.581577882013462 2
"120" -6.32766168726943 -6.38081670291024 2
"121" -8.16484030730142 -1.31158031266011 2
"122" -5.7043113281647 -9.0610742561834 2
"123" 0.386916061731666 0.357542385886354 2
"124" -2.11769167404049 -0.442583943241277 2
"125" -9.09195399324463 -4.52136102513477 2
"126" -6.40614820442345 -7.03910612472738 2
"127" -7.6402707156458 -5.48590488580094 2
"128" -3.19301145875104 0.907698634219064 2
"129" -1.24213626131226 2.48518355476311 2
"130" -7.00901566786775 -6.86818053416896 2
"131" -9.38184625653588 -5.57565631523071 2
"132" -3.03408884931652 0.278502375149293 2
"133" -0.955066605640788 0.236967782719073 2
"134" -4.35201990468619 0.649351374141317 2
"135" -8.96051353818281 -4.47607031104449 2
"136" -6.24197896818983 -6.44846571768431 2
"137" -8.36593718897809 -2.00866612333423 2
"138" -7.6883017570179 -1.78652155052503 2
"139" -4.27921882297037 1.95684153950776 2
"140" -8.46236162472841 -5.04871875777078 2
"141" -7.92999750894024 -4.96820876621326 2
"142" -6.38448343978926 -0.834479421383361 2
"143" -6.13967290969857 0.317321672168678 2
"144" -5.57355300920178 -1.59815644545019 2
"145" -4.74301583280743 1.76899348513441 2
"146" -8.52107699663135 -2.57438398696149 2
"147" -9.22548705624975 -8.02359414520036 2
"148" -7.13679197214995 -7.08432823616273 2
"149" -6.73385103956415 -4.50857092853496 2
"150" -2.03661222471589 2.34911878165402 2
"151" -8.75278540358073 -3.41820755226045 2
"152" -1.021079889626 1.23819448211409 2
"153" -0.0270684917348762 -0.0204598033900165 2
"154" -0.615913932950597 0.149812186827546 2
"155" -0.888124438482957 0.322228352476332 2
"156" -6.63435382116335 -1.7680491772609 2
"157" -0.680475573827344 0.278704509747012 2
"158" -10.1818700138102 -6.11669825121019 2
"159" -9.47798213319534 -5.04033166201856 2
"160" -7.10822913725615 -7.78056210798157 2
"161" -7.55462526474769 1.07484292103606 2
"162" -9.51909927469416 -3.28366249675415 2
"163" -6.08272833085075 -7.80440044435334 2
"164" -9.3943179736497 0.196288802032076 2
"165" -3.89270111640825 1.33902437137938 2
"166" -7.0596877851303 -8.53114359668416 2
"167" 0.0753431782768899 -1.9364328292844 2
"168" -4.93056304012029 -0.25637345509578 2
"169" -5.66293399341698 -7.98771499682889 2
"170" -6.05413584820111 0.770816205043697 2
"171" -4.75027278491306 1.56569110303734 2
"172" -0.415273357188245 -1.39290656775526 2
"173" -5.97602619345816 -6.17567696643485 2
"174" -2.5942393238122 0.729467290263401 2
"175" -2.5792098625361 -0.356343395617652 2
"176" -8.19872370461439 -6.19331251823772 2
"177" -6.63292144659442 -0.797170883457226 2
"178" -7.42631643653465 -1.81497577826815 2
"179" -6.90952890732459 -1.31556640240725 2
"180" -9.26724142634949 -4.59391729966145 2
"181" 0.64318552406516 -4.1797398520176 2
"182" -7.813078299239 -0.0864340938536348 2
"183" -0.0132123640020243 -1.61350163409807 2
"184" -7.86791171825988 -6.74185619024071 2
"185" -4.17326141121484 1.60739677208342 2
"186" -8.29519423980687 -7.16360522596942 2
"187" -2.56661666158493 1.80947804096468 2
"188" -5.54466752365992 -1.35527808436645 2
"189" -6.73327232980311 -8.75942444439567 2
"190" 1.14163128145593 -0.17154767252506 2
"191" -0.0990873825337455 -0.433042647482734 2
"192" 0.171632397592091 -0.217075914666931 2
"193" -9.08256741683306 -4.27927469355492 2
"194" -7.7944677306876 -2.70700595598932 2
"195" -1.21606461632375 0.288189639826069 2
"196" -10.2500536353614 -4.92806789907649 2
"197" -8.43885568617948 -1.33671596203244 2
"198" -0.262427514958634 -0.644729596129508 2
"199" 0.465341098693937 -0.901552843448995 2
"200" -0.66340900187804 0.901331491799207 2
