"f1" "f2" "label"
"1" -0.119576054324618 2.47387455450528 1
"2" 1.58049151534322 3.37176154959836 1
"3" -1.45861857082397 1.5108512980855 1
"4" -0.782686656340554 1.78459484435669 1
"5" -4.46684657239077 0.0736379953044279 1
"6" -1.52891736562709 1.80539013966154 1
"7" -0.530433683599446 2.08236025227189 1
"8" 0.798533346297874 2.92744712528656 1
"9" 0.259872639768546 2.9265486534564 1
"10" -0.412063660549601 2.59707993780913 1
"11" 1.54803571879047 3.4258613776025 1
"12" 1.86444314515042 3.33902809099159 1
"13" 0.770349573150582 2.90316154353746 1
"14" -2.29533266058686 1.14105564015925 1
"15" -1.80069061095966 1.35448888735225 1
"16" -1.46200150872067 1.54877429354364 1
"17" -0.0159474549705918 2.34125615169035 1
"18" -1.49979524441155 1.87808976510605 1
"19" -2.46810794112196 1.22894384116277 1
"20" -0.650775525958201 2.08513136457596 1
"21" -0.640879122298047 2.0214157852881 1
"22" -4.04478864090322 0.346460768566798 1
"23" -1.29253333995785 1.86550549375274 1
"24" 1.37266835413444 3.42609024748216 1
"25" 0.0165353903417847 2.74428663026922 1
"26" -0.186092034776678 2.60179819436886 1
"27" 0.0113058535929636 2.2419525413074 1
"28" -0.59630005360663 2.17317262209019 1
"29" 2.84780578915241 4.06730638793974 1
"30" -0.933771150859161 1.9065113304037 1
"31" 0.279351741865396 2.83339210508543 1
"32" 0.364124559227954 2.56725059883031 1
"33" 0.511320433933204 2.91722864851505 1
"34" 0.534613805081475 2.65141880030182 1
"35" -0.310968008191833 2.20809156571185 1
"36" 2.25757112461545 3.74411417321542 1
"37" 0.235007880371749 2.61679764730972 1
"38" 1.52791180093607 3.01006681195251 1
"39" -1.24342698908605 1.66050384059815 1
"40" 0.401537848836042 2.66736671875272 1
"41" -0.608337151330649 2.23612713692317 1
"42" -0.100006700433277 2.35207898672918 1
"43" 0.354313957094756 2.74599431280478 1
"44" -1.29849012144028 2.19528091150521 1
"45" -2.00684053945273 1.47218203943501 1
"46" 2.28877840846309 3.77696760014496 1
"47" -0.560932819371616 2.18311225651031 1
"48" 1.28379478777803 3.42764377272424 1
"49" 0.570028650907138 2.84014632713739 1
"50" -0.509576661434319 2.09076944059264 1
"51" -2.73578056146778 0.81503684217958 1
"52" -0.540894495860016 2.17093154306147 1
"53" 3.52610256014952 4.37238788966256 1
"54" -4.17781223224156 0.266247520304263 1
"55" -0.038502816148872 2.29549618003584 1
"56" 0.472513776901082 2.99707182709174 1
"57" -1.04717861885186 1.6914108559469 1
"58" -2.69147893456743 0.948375036232578 1
"59" -0.019513162422824 2.65926860969664 1
"60" -2.28219789059662 0.852415156256224 1
"61" -0.608469118758146 2.1410282292498 1
"62" 1.87735075884197 3.38497560257768 1
"63" 0.460314922358105 3.06508528382075 1
"64" 0.0892760267158757 2.68022091592994 1
"65" -1.41384580853377 1.47759560271883 1
"66" -1.09743740671486 1.77856297709566 1
"67" 0.641863254531424 2.45682355564222 1
"68" -0.115792258657822 2.38076025067851 1
"69" 0.0125690056518128 2.69205201949971 1
"70" -0.10904625965869 2.60531323149398 1
"71" 0.509055787692231 2.54891677579247 1
"72" -1.20816427336474 2.09561057021851 1
"73" -2.01283172223407 1.23504814889503 1
"74" 0.499348036532498 2.95645243307075 1
"75" -1.43790165744904 1.79795256142315 1
"76" 2.69169841956712 4.11938472645253 1
"77" -1.80714366946724 1.48707510784942 1
"78" -0.369741664309919 2.27933300618915 1
"79" 1.4119871905806 3.71627869188561 1
"80" -1.46398114542624 1.51516275107136 1
"81" 2.22280361246474 3.76263015119627 1
"82" 0.61640105713661 2.95072203557138 1
"83" -0.990175333251611 2.09112724479151 1
"84" -0.0186806964219106 2.52108637768944 1
"85" -2.69308966546748 0.816596270351239 1
"86" 1.10324952112577 3.31684478376749 1
"87" -0.00157043859556115 2.24024091050041 1
"88" 1.81170591189856 3.69033564338321 1
"89" 3.1656732543453 4.51123357615744 1
"90" -0.800427191469218 2.06374895551229 1
"91" 1.13894672468426 3.21859643317229 1
"92" 2.88341973825576 4.07674804749561 1
"93" -0.394909086786471 2.80962581015658 1
"94" -1.68424038847951 1.66985169732601 1
"95" 0.7650035734798 3.02552020412742 1
"96" -3.85877013119054 0.360983606526336 1
"97" 0.273679566578148 2.63520966280083 1
"98" -1.40058952588537 1.67669936679122 1
"99" -0.408920236917035 2.43971206877471 1
"100" -3.2058516179196 0.944249810881224 1
"101" -2.00972656477149 -1.32198049201909 2
"102" -1.27114760112941 -0.623403790062728 2
"103" -0.176649091112448 -0.230071903108753 2
"104" -0.279015418134972 -0.214848019270941 2
"105" 0.657340412133581 0.127364937672338 2
"106" -0.500516569321519 -0.671891008737167 2
"107" -2.04011951487962 -1.74927580886146 2
"108" 0.247318623118672 0.072322134200501 2
"109" -3.50203625908247 -1.98243757918509 2
"110" 0.270646498219785 0.333899120173064 2
"111" -2.14547784918432 -0.966107569555631 2
"112" 4.47631090651907 2.27426490478955 2
"113" -2.07300873590893 -1.38939479205112 2
"114" 0.271194653408176 0.50295375130194 2
"115" -1.7984709673424 -1.08798076462038 2
"116" 0.647214090500578 0.475166907038092 2
"117" 1.28138696731601 0.41813780187659 2
"118" 0.728372044926035 0.38511982713712 2
"119" 1.71779329852697 1.27199648168657 2
"120" 1.74429047940453 1.39447022066809 2
"121" 2.53102304854927 1.43866903138728 2
"122" 0.61104727687853 0.306658247766376 2
"123" 0.245057748071344 -0.125592057244614 2
"124" 1.07898397395177 0.683225733435291 2
"125" 2.69419068201955 1.28392689882799 2
"126" 2.10529160605814 1.49634544089357 2
"127" 0.085024261115059 -0.274908647957083 2
"128" -1.4933186373529 -0.787947820945186 2
"129" 4.4214165461797 2.32530135471012 2
"130" -1.70564888839087 -1.03629831038988 2
"131" -1.1565483243392 -0.715810606709722 2
"132" 0.14323735188533 0.126152452141799 2
"133" -0.89968972442945 -0.225511183964733 2
"134" -0.462869227805251 -0.299083747429647 2
"135" 2.36416747570456 1.20347279556652 2
"136" 2.1704214732734 1.35038526935899 2
"137" -1.90064554999663 -0.936200528149187 2
"138" -1.98794876383329 -1.0833949884913 2
"139" -1.80833250345677 -1.05651707140943 2
"140" -3.07672399251327 -1.73065076340727 2
"141" 0.00492146658659246 0.0471682212180282 2
"142" 1.98328871572031 1.08501273649798 2
"143" 0.210969479622134 0.302712583610352 2
"144" 1.27607646371157 1.09027140183775 2
"145" -0.609697002220663 -0.266779171350356 2
"146" -0.943788676693155 -0.718688290754984 2
"147" -1.67988368054975 -1.2882009786626 2
"148" 0.976274346768653 0.739702217887997 2
"149" -1.70857546067299 -1.00746918726743 2
"150" -0.519635052296573 -0.244321166880832 2
"151" -1.89024020846578 -1.24040738535804 2
"152" -2.16735478001879 -1.65591967468426 2
"153" 0.451254693361457 0.383060748037894 2
"154" -2.78165234769808 -1.56275878072292 2
"155" 0.36904055909541 0.282959104207575 2
"156" -1.12212019824791 -1.05018932741472 2
"157" 2.24333930448089 1.15000123654883 2
"158" 1.76953716417507 0.981891993670404 2
"159" 0.344826185990363 0.151654034126177 2
"160" 1.61910605975915 0.482684150687874 2
"161" -1.09549164310069 -0.710199558703979 2
"162" 0.680922498020514 0.358854403761521 2
"163" 1.86101772454721 1.26029267518671 2
"164" -0.540481312923302 -0.575658081432329 2
"165" -0.885092276291353 -0.720461950934752 2
"166" 0.695338740730508 0.327733361894642 2
"167" 1.21935783858051 0.432431994897704 2
"168" 1.65782996361225 0.692798744731554 2
"169" 0.493648822547854 0.806175804612786 2
"170" -1.87240334556771 -1.28569031656275 2
"171" 0.811819996967542 0.448963625653977 2
"172" 1.19416348113345 0.431512704863394 2
"173" 0.151216775198176 0.167931614067026 2
"174" -2.71386619865606 -1.43353862208186 2
"175" -1.01364577192825 -0.57508395601511 2
"176" 1.85582956099345 1.08044246156097 2
"177" -1.97577275140595 -0.879862685879862 2
"178" -1.1050926189608 -0.345828954447154 2
"179" -1.60207683467575 -1.03659024647625 2
"180" -0.360007360026682 -0.285215303332009 2
"181" 0.187562249168053 -0.0754659644336538 2
"182" -0.218749371753879 -0.264440495075053 2
"183" -0.490521487134144 -0.628693504487136 2
"184" -0.0347143351983001 -0.419468010470781 2
"185" 0.283105966376347 0.0183225871655216 2
"186" 1.3526883579957 0.771007075671365 2
"187" 0.765450681267946 0.306071520104082 2
"188" -0.255516041059905 0.0184136853489664 2
"189" 2.49272941889863 1.44771716671645 2
"190" -1.34332588320015 -0.716663520789077 2
"191" -1.15328799866041 -0.678676944682977 2
"192" 1.93049683661038 0.996678247116269 2
"193" -2.09826072893301 -1.00865357535935 2
"194" -0.571881541184535 -0.12029393087228 2
"195" 0.763718610842675 0.928361370140602 2
"196" 3.2204584590204 1.8845157195357 2
"197" -1.03261931562376 -0.653691476995344 2
"198" -1.00517778943721 -0.668262669311784 2
"199" 0.100452854243935 0.279862478876586 2
"200" 0 -0.5 2
