0.776841798206994 0.178870372986261 1
-2.25984035153099 0.927584218205604 1
-0.564376691130426 -0.11017793570906 1
0.901491435092922 1.572397878773 1
0.394675531568292 0.560490613996136 1
0.00485442371891243 -0.420344605627486 1
0.436918628028167 -0.153945389665797 1
1.13007271999667 -0.275198593421559 1
0.153770741090754 0.241120454779083 1
-0.758627156743334 0.754686393744638 1
-0.180163097123277 -0.291909899784922 1
-0.20778958610798 0.4584453799772 1
0.896745287933842 1.75528863174444 1
0.412307702040531 0.931490591541562 1
0.547519687229463 0.825264441429846 1
0.14783504354896 -0.814807133947271 1
-0.362267155363552 -0.534204178984686 1
0.0611412950206014 0.242551659062315 1
0.216705550520381 -0.100647949072058 1
-1.39812241311775 -1.62504844947823 1
1.48557684769788 1.42536573618701 2
4.02618939255219 -0.893851157858867 2
2.24187252404109 0.0377646999541895 2
5.07834478911285 -0.363569288189157 2
0.778013394789702 0.149556482460561 2
3.44876363851624 -1.94451810616239 2
3.0006261154071 1.52389489453652 2
2.24376069088532 0.545810168063468 2
3.40432482613468 2.0099274945217 2
2.20614712471823 1.41667066085807 2
3.85978319573296 0.0114806655545399 2
3.06686921061703 -0.939049321080533 2
1.36061260630214 -1.73890838801446 2
0.575250086627793 0.0169709715690618 2
2.7161700736972 0.219159093583546 2
4.14580629896864 1.04582061013608 2
3.1811692895459 -0.950982653969911 2
3.05425022854462 0.794797422861683 2
3.68775365427477 0.0714298098874079 2
1.60659269801546 -0.773686902272389 2
